298
1767 24 1213 24
1544 28 992 28
2539 88 2000 88
1464 100 917 100
1460 107 913 107
759 112 239 112
2577 121 2008 121
1278 160 741 160
1206 283 675 283
1344 283 813 283
1301 310 771 310
1943 374 1408 374
2094 376 1554 376
1702 390 1171 390
1251 395 725 395
1632 399 1104 399
1772 406 1242 406
1800 420 1269 420
2112 426 1576 426
1190 433 666 433
1488 438 965 438
2156 448 1619 448
1231 463 709 463
2021 465 1488 465
1958 471 1429 471
1210 474 687 474
1406 477 887 477
1215 482 692 482
2153 482 1618 482
1598 497 1076 497
2243 497 1710 497
1805 498 1277 498
2215 498 1682 498
1528 501 1007 501
2266 505 1732 505
1404 514 885 514
1112 529 592 529
2292 529 1758 529
1105 538 585 538
1997 539 1466 539
1506 541 987 541
2258 543 1725 543
1086 552 567 552
1997 553 1466 553
1353 554 835 554
1889 555 1361 555
1584 564 1064 564
992 565 476 565
1564 574 1045 574
1240 575 719 575
1347 584 831 584
1427 594 909 594
1584 595 1065 595
3016 596 2485 596
1514 599 997 599
2871 604 2338 604
2981 605 2451 605
1425 620 910 620
1559 620 1041 620
1787 626 1261 626
1568 630 1049 630
1321 634 803 634
1336 643 818 643
2544 669 1998 669
1622 670 1101 670
1478 703 962 703
965 705 450 705
2355 709 1822 709
1783 712 1262 712
1458 723 944 723
1450 727 936 727
997 728 479 728
2362 779 1829 779
1030 790 512 790
1360 804 843 804
1655 825 1139 825
1612 830 1096 830
1649 830 1133 830
1074 833 557 833
1357 833 840 833
1396 835 882 835
1604 835 1088 835
997 836 475 836
1082 836 565 836
1655 838 1138 838
1390 841 874 841
2236 843 1706 843
1249 844 735 844
2877 847 2357 847
2703 851 2176 851
2266 861 1737 861
1213 875 701 875
1402 876 885 876
2248 877 1721 877
1648 879 1129 879
1388 890 872 890
1574 896 1057 896
1525 913 1010 913
1531 918 1016 918
1525 920 1010 920
2525 921 1995 921
1330 922 814 922
1360 923 844 923
1416 925 898 925
1415 932 897 932
1198 947 686 947
1603 949 1082 949
2637 953 2110 953
2027 969 1505 969
1405 972 886 972
1320 983 804 983
2581 990 2049 990
1677 992 1158 992
1465 996 947 996
1514 1003 998 1003
1196 1004 683 1004
1703 1010 1185 1010
2159 1022 1635 1022
1133 1026 622 1026
2536 1037 2008 1037
1497 1045 981 1045
2072 1048 1543 1048
1346 1050 829 1050
1152 1051 639 1051
1609 1058 1090 1058
1040 1080 528 1080
1128 1107 611 1107
1344 1107 829 1107
1363 1107 848 1107
1869 1111 1347 1111
1884 1116 1362 1116
1335 1119 820 1119
1140 1130 623 1130
1782 1140 1262 1140
1432 1145 918 1145
1336 1149 820 1149
2023 1157 1500 1157
2558 1174 2032 1174
1915 1183 1396 1183
1747 1188 1231 1188
2601 1188 2074 1188
1746 1193 1230 1193
1899 1194 1380 1194
1924 1194 1405 1194
1648 1195 1130 1195
1748 1223 1230 1223
1055 1241 544 1241
1212 1241 698 1241
1461 1256 941 1256
1726 1298 1204 1298
2058 1314 1534 1314
1561 1323 1042 1323
1556 1330 1036 1330
1263 1331 745 1331
1667 1340 1145 1340
1857 1342 1338 1342
2044 1366 1518 1366
1978 1379 1457 1379
1133 1381 622 1381
1357 1386 839 1386
1850 1399 1329 1399
1676 1417 1155 1417
1680 1428 1159 1428
1739 1430 1217 1430
2884 1434 2368 1434
1667 1438 1146 1438
1423 1440 904 1440
1467 1450 949 1450
2689 1459 2173 1459
1454 1461 933 1461
1435 1462 915 1462
1675 1464 1155 1464
1443 1466 923 1466
1785 1469 1265 1469
1782 1476 1261 1476
2604 1495 2085 1495
1887 1506 1367 1506
1237 1507 726 1507
1971 1507 1451 1507
1973 1514 1453 1514
1633 1515 1113 1515
1631 1523 1112 1523
1584 1552 1065 1552
1280 1553 769 1553
2140 1560 1619 1560
1696 1563 1179 1563
2108 1567 1587 1567
1566 1579 1046 1579
2619 1581 2102 1581
1593 1587 1072 1587
1401 1611 888 1611
1635 1611 1115 1611
1584 1620 1063 1620
1639 1623 1119 1623
2352 1623 1825 1623
2160 1625 1636 1625
2347 1640 1826 1640
1449 1647 937 1647
2222 1648 1699 1648
1703 1654 1183 1654
1839 1662 1321 1662
2141 1663 1615 1663
2431 1664 1909 1664
1867 1683 1349 1683
3107 1683 2596 1683
1927 1692 1407 1692
773 1699 276 1699
2121 1704 1594 1704
1540 1710 1027 1710
1826 1724 1305 1724
1993 1725 1473 1725
841 1726 346 1726
1930 1728 1411 1728
1825 1730 1304 1730
2337 1731 1822 1731
1925 1737 1406 1737
2124 1738 1599 1738
787 1751 290 1751
2001 1753 1481 1753
2295 1756 1780 1756
2087 1765 1562 1765
2095 1769 1571 1769
1649 1775 1134 1775
1978 1802 1454 1802
2044 1804 1521 1804
878 1806 381 1806
2039 1807 1516 1807
2230 1834 1714 1834
2238 1864 1723 1864
1647 1869 1133 1869
1823 1874 1303 1874
1908 1895 1388 1895
1878 1909 1360 1909
1766 1912 1251 1912
1852 1919 1335 1919
1956 1935 1436 1935
1025 1940 534 1940
2202 1972 1690 1972
2023 1976 1502 1976
2649 1985 2139 1985
2104 2018 1587 2018
2636 2031 2127 2031
1023 2044 537 2044
2115 2049 1599 2049
2646 2057 2137 2057
618 2151 131 2151
1504 2173 994 2173
2312 2173 1801 2173
2565 2199 2057 2199
2148 2200 1635 2200
708 2218 225 2218
1317 2236 822 2236
983 2243 506 2243
1101 2243 626 2243
2552 2243 2045 2243
1100 2249 625 2249
1058 2257 583 2257
1098 2263 623 2263
2544 2289 2035 2289
1023 2293 547 2293
1073 2295 599 2295
1059 2301 583 2301
2525 2326 2014 2326
790 2341 312 2341
1128 2344 654 2344
956 2358 479 2358
1055 2377 580 2377
1893 2379 1382 2379
1156 2393 686 2393
786 2407 313 2407
1148 2471 678 2471
1971 2473 1461 2473
991 2495 521 2495
1663 2541 1171 2541
1739 2560 1242 2560
1905 2573 1401 2573
2838 2691 2335 2691
1979 2783 1497 2783
2023 2819 1542 2819
2928 2824 2427 2824
2320 2829 1816 2829
2314 2833 1810 2833
2024 2844 1543 2844
2311 2848 1808 2848
2014 2877 1537 2877
2003 2890 1526 2890
3029 2952 2528 2952
1591 2955 1117 2955
1526 2962 1054 2962
2300 2995 1813 2995
2356 3046 1871 3046
2572 3082 2074 3082
2609 3112 2112 3112
2687 3134 2186 3134
2405 3174 1925 3174
1822 3281 1346 3281
2443 3306 1965 3306
2541 3327 2060 3327
